Covariance matrix:
               0:           1:           2:           3:           4:           5:           6:           7:           8:           9:          10:          11:          12:          13:          14:          15:          16:          17:          18:          19:          20:          21:          22:          23:          24:          25:          26:          27:          28:          29:  
 0:             1            0            0            0            0            0            0            0            0            0            0            0            0            0            0            0            0            0            0            0            0            0            0            0            0            0            0            0            0            0 
 1:             0            1            0            0            0            0            0            0            0            0            0            0            0            0            0            0            0            0            0            0            0            0            0            0            0            0            0            0            0            0 
 2:             0            0            1            0            0            0            0            0            0            0            0            0            0            0            0            0            0            0            0            0            0            0            0            0            0            0            0            0            0            0 
 3:             0            0            0            1            0            0            0            0            0            0            0            0            0            0            0            0            0            0            0            0            0            0            0            0            0            0            0            0            0            0 
 4:             0            0            0            0            1            0            0            0            0            0            0            0            0            0            0            0            0            0            0            0            0            0            0            0            0            0            0            0            0            0 
 5:             0            0            0            0            0            1            0            0            0            0            0            0            0            0            0            0            0            0            0            0            0            0            0            0            0            0            0            0            0            0 
 6:             0            0            0            0            0            0            1            0            0            0            0            0            0            0            0            0            0            0            0            0            0            0            0            0            0            0            0            0            0            0 
 7:             0            0            0            0            0            0            0            1            0            0            0            0            0            0            0            0            0            0            0            0            0            0            0            0            0            0            0            0            0            0 
 8:             0            0            0            0            0            0            0            0     0.755174      21.1756      61.1662      34.0271            0            0            0            0            0     -8.19074            0            0            0            0            0            0            0            0            0            0            0            0 
 9:             0            0            0            0            0            0            0            0      21.1756      14177.7      45290.5      17841.3            0            0            0            0            0     -3904.75            0            0            0            0            0            0            0            0            0            0            0            0 
10:             0            0            0            0            0            0            0            0      61.1662      45290.5       148340      56122.3            0            0            0            0            0     -12386.3            0            0            0            0            0            0            0            0            0            0            0            0 
11:             0            0            0            0            0            0            0            0      34.0271      17841.3      56122.3      25337.3            0            0            0            0            0     -5147.22            0            0            0            0            0            0            0            0            0            0            0            0 
12:             0            0            0            0            0            0            0            0            0            0            0            0            1            0            0            0            0            0            0            0            0            0            0            0            0            0            0            0            0            0 
13:             0            0            0            0            0            0            0            0            0            0            0            0            0            1            0            0            0            0            0            0            0            0            0            0            0            0            0            0            0            0 
14:             0            0            0            0            0            0            0            0            0            0            0            0            0            0            1            0            0            0            0            0            0            0            0            0            0            0            0            0            0            0 
15:             0            0            0            0            0            0            0            0            0            0            0            0            0            0            0            1            0            0            0            0            0            0            0            0            0            0            0            0            0            0 
16:             0            0            0            0            0            0            0            0            0            0            0            0            0            0            0            0            1            0            0            0            0            0            0            0            0            0            0            0            0            0 
17:             0            0            0            0            0            0            0            0     -8.19074     -3904.75     -12386.3     -5147.22            0            0            0            0            0      1099.32            0            0            0            0            0            0            0            0            0            0            0            0 
18:             0            0            0            0            0            0            0            0            0            0            0            0            0            0            0            0            0            0            1            0            0            0            0            0            0            0            0            0            0            0 
19:             0            0            0            0            0            0            0            0            0            0            0            0            0            0            0            0            0            0            0            1            0            0            0            0            0            0            0            0            0            0 
20:             0            0            0            0            0            0            0            0            0            0            0            0            0            0            0            0            0            0            0            0            1            0            0            0            0            0            0            0            0            0 
21:             0            0            0            0            0            0            0            0            0            0            0            0            0            0            0            0            0            0            0            0            0            1            0            0            0            0            0            0            0            0 
22:             0            0            0            0            0            0            0            0            0            0            0            0            0            0            0            0            0            0            0            0            0            0            1            0            0            0            0            0            0            0 
23:             0            0            0            0            0            0            0            0            0            0            0            0            0            0            0            0            0            0            0            0            0            0            0            1            0            0            0            0            0            0 
24:             0            0            0            0            0            0            0            0            0            0            0            0            0            0            0            0            0            0            0            0            0            0            0            0            1            0            0            0            0            0 
25:             0            0            0            0            0            0            0            0            0            0            0            0            0            0            0            0            0            0            0            0            0            0            0            0            0            1            0            0            0            0 
26:             0            0            0            0            0            0            0            0            0            0            0            0            0            0            0            0            0            0            0            0            0            0            0            0            0            0            1            0            0            0 
27:             0            0            0            0            0            0            0            0            0            0            0            0            0            0            0            0            0            0            0            0            0            0            0            0            0            0            0            1            0            0 
28:             0            0            0            0            0            0            0            0            0            0            0            0            0            0            0            0            0            0            0            0            0            0            0            0            0            0            0            0            1            0 
29:             0            0            0            0            0            0            0            0            0            0            0            0            0            0            0            0            0            0            0            0            0            0            0            0            0            0            0            0            0            1 
