Covariance matrix:
               0:           1:           2:           3:           4:           5:           6:           7:           8:           9:          10:          11:          12:          13:          14:          15:          16:          17:          18:          19:          20:          21:          22:          23:          24:          25:          26:          27:          28:          29:  
 0:             1            0            0            0            0            0            0            0            0            0            0            0            0            0            0            0            0            0            0            0            0            0            0            0            0            0            0            0            0            0 
 1:             0            1            0            0            0            0            0            0            0            0            0            0            0            0            0            0            0            0            0            0            0            0            0            0            0            0            0            0            0            0 
 2:             0            0            1            0            0            0            0            0            0            0            0            0            0            0            0            0            0            0            0            0            0            0            0            0            0            0            0            0            0            0 
 3:             0            0            0            1            0            0            0            0            0            0            0            0            0            0            0            0            0            0            0            0            0            0            0            0            0            0            0            0            0            0 
 4:             0            0            0            0            1            0            0            0            0            0            0            0            0            0            0            0            0            0            0            0            0            0            0            0            0            0            0            0            0            0 
 5:             0            0            0            0            0            1            0            0            0            0            0            0            0            0            0            0            0            0            0            0            0            0            0            0            0            0            0            0            0            0 
 6:             0            0            0            0            0            0            1            0            0            0            0            0            0            0            0            0            0            0            0            0            0            0            0            0            0            0            0            0            0            0 
 7:             0            0            0            0            0            0            0            1            0            0            0            0            0            0            0            0            0            0            0            0            0            0            0            0            0            0            0            0            0            0 
 8:             0            0            0            0            0            0            0            0     0.498828      16.1499      38.3601      40.4083            0            0            0            0            0     -8.20004            0            0            0            0            0            0            0            0            0            0            0            0 
 9:             0            0            0            0            0            0            0            0      16.1499      12099.9        35438      19687.2            0            0            0            0            0     -4012.59            0            0            0            0            0            0            0            0            0            0            0            0 
10:             0            0            0            0            0            0            0            0      38.3601        35438       106138      56907.4            0            0            0            0            0     -11609.9            0            0            0            0            0            0            0            0            0            0            0            0 
11:             0            0            0            0            0            0            0            0      40.4083      19687.2      56907.4      35417.2            0            0            0            0            0     -6948.25            0            0            0            0            0            0            0            0            0            0            0            0 
12:             0            0            0            0            0            0            0            0            0            0            0            0            1            0            0            0            0            0            0            0            0            0            0            0            0            0            0            0            0            0 
13:             0            0            0            0            0            0            0            0            0            0            0            0            0            1            0            0            0            0            0            0            0            0            0            0            0            0            0            0            0            0 
14:             0            0            0            0            0            0            0            0            0            0            0            0            0            0            1            0            0            0            0            0            0            0            0            0            0            0            0            0            0            0 
15:             0            0            0            0            0            0            0            0            0            0            0            0            0            0            0            1            0            0            0            0            0            0            0            0            0            0            0            0            0            0 
16:             0            0            0            0            0            0            0            0            0            0            0            0            0            0            0            0            1            0            0            0            0            0            0            0            0            0            0            0            0            0 
17:             0            0            0            0            0            0            0            0     -8.20004     -4012.59     -11609.9     -6948.25            0            0            0            0            0      1386.21            0            0            0            0            0            0            0            0            0            0            0            0 
18:             0            0            0            0            0            0            0            0            0            0            0            0            0            0            0            0            0            0            1            0            0            0            0            0            0            0            0            0            0            0 
19:             0            0            0            0            0            0            0            0            0            0            0            0            0            0            0            0            0            0            0            1            0            0            0            0            0            0            0            0            0            0 
20:             0            0            0            0            0            0            0            0            0            0            0            0            0            0            0            0            0            0            0            0            1            0            0            0            0            0            0            0            0            0 
21:             0            0            0            0            0            0            0            0            0            0            0            0            0            0            0            0            0            0            0            0            0            1            0            0            0            0            0            0            0            0 
22:             0            0            0            0            0            0            0            0            0            0            0            0            0            0            0            0            0            0            0            0            0            0            1            0            0            0            0            0            0            0 
23:             0            0            0            0            0            0            0            0            0            0            0            0            0            0            0            0            0            0            0            0            0            0            0            1            0            0            0            0            0            0 
24:             0            0            0            0            0            0            0            0            0            0            0            0            0            0            0            0            0            0            0            0            0            0            0            0            1            0            0            0            0            0 
25:             0            0            0            0            0            0            0            0            0            0            0            0            0            0            0            0            0            0            0            0            0            0            0            0            0            1            0            0            0            0 
26:             0            0            0            0            0            0            0            0            0            0            0            0            0            0            0            0            0            0            0            0            0            0            0            0            0            0            1            0            0            0 
27:             0            0            0            0            0            0            0            0            0            0            0            0            0            0            0            0            0            0            0            0            0            0            0            0            0            0            0            1            0            0 
28:             0            0            0            0            0            0            0            0            0            0            0            0            0            0            0            0            0            0            0            0            0            0            0            0            0            0            0            0            1            0 
29:             0            0            0            0            0            0            0            0            0            0            0            0            0            0            0            0            0            0            0            0            0            0            0            0            0            0            0            0            0            1 
