Covariance matrix:
               0:           1:           2:           3:           4:           5:           6:           7:           8:           9:          10:          11:          12:          13:          14:          15:          16:          17:          18:          19:          20:          21:          22:          23:          24:          25:          26:          27:          28:          29:  
 0:             1            0            0            0            0            0            0            0            0            0            0            0            0            0            0            0            0            0            0            0            0            0            0            0            0            0            0            0            0            0 
 1:             0            1            0            0            0            0            0            0            0            0            0            0            0            0            0            0            0            0            0            0            0            0            0            0            0            0            0            0            0            0 
 2:             0            0            1            0            0            0            0            0            0            0            0            0            0            0            0            0            0            0            0            0            0            0            0            0            0            0            0            0            0            0 
 3:             0            0            0            1            0            0            0            0            0            0            0            0            0            0            0            0            0            0            0            0            0            0            0            0            0            0            0            0            0            0 
 4:             0            0            0            0            1            0            0            0            0            0            0            0            0            0            0            0            0            0            0            0            0            0            0            0            0            0            0            0            0            0 
 5:             0            0            0            0            0            1            0            0            0            0            0            0            0            0            0            0            0            0            0            0            0            0            0            0            0            0            0            0            0            0 
 6:             0            0            0            0            0            0            1            0            0            0            0            0            0            0            0            0            0            0            0            0            0            0            0            0            0            0            0            0            0            0 
 7:             0            0            0            0            0            0            0            1            0            0            0            0            0            0            0            0            0            0            0            0            0            0            0            0            0            0            0            0            0            0 
 8:             0            0            0            0            0            0            0            0     0.746304      20.4657      58.2109      35.1995            0            0            0            0            0     -8.13774            0            0            0            0            0            0            0            0            0            0            0            0 
 9:             0            0            0            0            0            0            0            0      20.4657      13981.8      44627.1      17933.3            0            0            0            0            0     -3918.75            0            0            0            0            0            0            0            0            0            0            0            0 
10:             0            0            0            0            0            0            0            0      58.2109      44627.1       145877      56500.6            0            0            0            0            0     -12425.4            0            0            0            0            0            0            0            0            0            0            0            0 
11:             0            0            0            0            0            0            0            0      35.1995      17933.3      56500.6      26011.3            0            0            0            0            0     -5273.89            0            0            0            0            0            0            0            0            0            0            0            0 
12:             0            0            0            0            0            0            0            0            0            0            0            0            1            0            0            0            0            0            0            0            0            0            0            0            0            0            0            0            0            0 
13:             0            0            0            0            0            0            0            0            0            0            0            0            0            1            0            0            0            0            0            0            0            0            0            0            0            0            0            0            0            0 
14:             0            0            0            0            0            0            0            0            0            0            0            0            0            0            1            0            0            0            0            0            0            0            0            0            0            0            0            0            0            0 
15:             0            0            0            0            0            0            0            0            0            0            0            0            0            0            0            1            0            0            0            0            0            0            0            0            0            0            0            0            0            0 
16:             0            0            0            0            0            0            0            0            0            0            0            0            0            0            0            0            1            0            0            0            0            0            0            0            0            0            0            0            0            0 
17:             0            0            0            0            0            0            0            0     -8.13774     -3918.75     -12425.4     -5273.89            0            0            0            0            0      1123.36            0            0            0            0            0            0            0            0            0            0            0            0 
18:             0            0            0            0            0            0            0            0            0            0            0            0            0            0            0            0            0            0            1            0            0            0            0            0            0            0            0            0            0            0 
19:             0            0            0            0            0            0            0            0            0            0            0            0            0            0            0            0            0            0            0            1            0            0            0            0            0            0            0            0            0            0 
20:             0            0            0            0            0            0            0            0            0            0            0            0            0            0            0            0            0            0            0            0            1            0            0            0            0            0            0            0            0            0 
21:             0            0            0            0            0            0            0            0            0            0            0            0            0            0            0            0            0            0            0            0            0            1            0            0            0            0            0            0            0            0 
22:             0            0            0            0            0            0            0            0            0            0            0            0            0            0            0            0            0            0            0            0            0            0            1            0            0            0            0            0            0            0 
23:             0            0            0            0            0            0            0            0            0            0            0            0            0            0            0            0            0            0            0            0            0            0            0            1            0            0            0            0            0            0 
24:             0            0            0            0            0            0            0            0            0            0            0            0            0            0            0            0            0            0            0            0            0            0            0            0            1            0            0            0            0            0 
25:             0            0            0            0            0            0            0            0            0            0            0            0            0            0            0            0            0            0            0            0            0            0            0            0            0            1            0            0            0            0 
26:             0            0            0            0            0            0            0            0            0            0            0            0            0            0            0            0            0            0            0            0            0            0            0            0            0            0            1            0            0            0 
27:             0            0            0            0            0            0            0            0            0            0            0            0            0            0            0            0            0            0            0            0            0            0            0            0            0            0            0            1            0            0 
28:             0            0            0            0            0            0            0            0            0            0            0            0            0            0            0            0            0            0            0            0            0            0            0            0            0            0            0            0            1            0 
29:             0            0            0            0            0            0            0            0            0            0            0            0            0            0            0            0            0            0            0            0            0            0            0            0            0            0            0            0            0            1 
